SELECT wawi_id FROM `ep_order` WHERE project_nid = 14286 AND wawi_date IS NULL


UPDATE auftrag SET logdatei = "2021-03-04 12:34:58" WHERE id IN

SELECT logdatei FROM auftrag WHERE id IN

UPDATE auftrag SET logdatei = "2021-03-04 12:34:58" WHERE id IN
SELECT logdatei FROM auftrag WHERE id IN
(
1617649,
1617650,
1617651,
1617652,
1617653,
1617654,
1617655,
1617656,
1617657,
1617658,
1617659,
1617660,
1617661,
1617662,
1617663,
1617664,
1617665,
1617666,
1617667,
1617668,
1617669,
1617670,
1617671,
1617672,
1617673,
1617674,
1617675,
1617676,
1617677,
1617678,
1617679,
1617680,
1617681,
1617682,
1617683,
1617684,
1617685,
1617686,
1617687,
1617688,
1617689,
1617690,
1617691,
1617692,
1617693,
1617694,
1617695,
1617696,
1617697,
1617698,
1617699,
1617700,
1617701,
1617702,
1617703,
1617704,
1617705,
1617706,
1617707,
1617708,
1617709,
1617710,
1617711,
1617712,
1617713,
1617714,
1617715,
1617716,
1617717,
1617718,
1617719,
1617720,
1617721,
1617722,
1617723,
1617724,
1617725,
1617726,
1617727,
1617728,
1617729,
1617730,
1617731,
1617732,
1617733,
1617734,
1617735,
1617736,
1617737,
1617738,
1617739,
1617740,
1617741,
1617742,
1617743,
1617744,
1617745,
1617746,
1617747,
1617748,
1617749,
1617750,
1617751,
1617752,
1617753,
1617754,
1617755,
1617756,
1617757,
1617758,
1617759,
1617760,
1617761,
1617762,
1617763,
1617764,
1617765,
1617766,
1617767,
1617768,
1617769,
1617770,
1617771,
1617772,
1617773,
1617774,
1617775,
1617776,
1617777,
1617778,
1617779,
1617780,
1617781,
1617782,
1617783,
1617784,
1617785,
1617786,
1617787,
1617788,
1617789,
1617790,
1617791,
1617792,
1617793,
1617794,
1617795,
1617796,
1617797,
1617798,
1617799,
1617800,
1617801,
1617802,
1617803,
1617804,
1617805,
1617806,
1617807,
1617808,
1617809,
1617810,
1617811,
1617812,
1617813,
1617814,
1617815,
1617816,
1617817,
1617818,
1617819,
1617820,
1617821,
1617822,
1617823,
1617824,
1617825,
1617826,
1617827,
1617828,
1617829,
1617830,
1617831,
1617832,
1617833,
1617834,
1617835,
1617836,
1617837,
1617838,
1617839,
1617840,
1617841,
1617842,
1617843,
1617844,
1617845,
1617846,
1617847,
1617848,
1617849,
1617850,
1617851,
1617852,
1617853,
1617854,
1617855,
1617856,
1617857,
1617858,
1617859,
1617860,
1617861,
1617862,
1617863,
1617864,
1617865,
1617866,
1617867,
1617868,
1617869,
1617870,
1617871,
1617872,
1617873,
1617874,
1617875,
1617876,
1617877,
1617878,
1617879,
1617880,
1617881,
1617882,
1617883,
1617884,
1617885,
1617886,
1617887,
1617888,
1617889,
1617890,
1617891,
1617892,
1617893,
1617894,
1617895,
1617896,
1617897,
1617898,
1617899,
1617900,
1617901,
1617902,
1617903,
1617904,
1617905,
1617906,
1617907,
1617908,
1617909,
1617910,
1617911,
1617912,
1617913,
1617914,
1617915,
1617916,
1617917,
1617918,
1617919,
1617920,
1617921,
1617922,
1617923,
1617924,
1617925,
1617926,
1617927,
1617928,
1617929,
1617930,
1617931,
1617932,
1617933,
1617934,
1617935,
1617936,
1617937,
1617938,
1617939,
1617940,
1617941,
1617942,
1617943,
1617944,
1617945,
1617946,
1617947,
1617948,
1617949,
1617950,
1617951,
1617952,
1617953,
1617954,
1617955,
1617956,
1617957,
1617958,
1617959,
1617960,
1617961,
1617962,
1617963,
1617964,
1617965,
1617966,
1617967,
1617968,
1617969,
1617970,
1617971,
1617972,
1617973,
1617974,
1617975,
1617976,
1617977,
1617978,
1617979,
1617980,
1617981,
1617982,
1617983,
1617984,
1617985,
1617986,
1617987,
1617988,
1617989,
1617990,
1617991,
1617992,
1617993,
1617994,
1617995,
1617996,
1617997,
1617998,
1617999,
1618000,
1618001,
1618002,
1618003,
1618004,
1618005,
1618006,
1618007,
1618008,
1618009,
1618010,
1618011,
1618012,
1618013,
1618014,
1618015,
1618016,
1618017,
1618018,
1618019,
1618020,
1618021,
1618022,
1618023,
1618024,
1618025,
1618026,
1618027,
1618028,
1618029,
1618030,
1618031,
1618032,
1618033,
1618034,
1618035,
1618036,
1618037,
1618038,
1618039,
1618040,
1618041,
1618042,
1618043,
1618044,
1618045,
1618046,
1618047,
1618048,
1618049,
1618050,
1618051,
1618052,
1618053,
1618054,
1618055,
1618056,
1618057,
1618058,
1618059,
1618060,
1618061,
1618062,
1618063,
1618064,
1618065,
1618066,
1618067,
1618068,
1618069,
1618070,
1618071,
1618072,
1618073,
1618074,
1618075,
1618076,
1618077,
1618078,
1618079,
1618080,
1618081,
1618082,
1618083,
1618084,
1618085,
1618086,
1618087,
1618088,
1618089,
1618090,
1618091,
1618092,
1618093,
1618094,
1618095,
1618096,
1618097,
1618098,
1618099,
1618100,
1618101,
1618102,
1618103,
1618104,
1618105,
1618106,
1618107,
1618108,
1618109,
1618110,
1618111,
1618112,
1618113,
1618114,
1618115,
1618116,
1618117,
1618118,
1618119,
1618120,
1618121,
1618122,
1618123,
1618124,
1618125,
1618126,
1618127,
1618128,
1618129,
1618130,
1618131,
1618132,
1618133,
1618134,
1618135,
1618136,
1618137,
1618138,
1618139,
1618140,
1618141,
1618142,
1618143,
1618144,
1618145,
1618146,
1618147,
1618148,
1618149,
1618150,
1618151,
1618152,
1618153,
1618154,
1618155,
1618156,
1618157,
1618158,
1618159,
1618160,
1618161,
1618162,
1618163,
1618164,
1618165,
1618166,
1618167,
1618168,
1618169,
1618170,
1618171,
1618172,
1618173,
1618174,
1618175,
1618176,
1618177,
1618178,
1618179,
1618180,
1618181,
1618182,
1618183,
1618184,
1618185,
1618186,
1618187,
1618188,
1618189,
1618190,
1618191,
1618192,
1618193,
1618194,
1618195,
1618196,
1618197,
1618198,
1618199,
1618200,
1618201,
1618202,
1618203,
1618204,
1618205,
1618206,
1618207,
1618208,
1618209,
1618210,
1618211,
1618212,
1618213,
1618214,
1618215,
1618216,
1618217,
1618218,
1618219,
1618220,
1618221,
1618222,
1618223,
1618224,
1618225,
1618226,
1618227,
1618228,
1618229,
1618230,
1618231,
1618232,
1618233,
1618234,
1618235,
1618236,
1618237,
1618238,
1618239,
1618240,
1618241,
1618242,
1618243,
1618244,
1618245,
1618246,
1618247,
1618248,
1618249,
1618250,
1618251,
1618252,
1618253,
1618254,
1618255,
1618256,
1618257,
1618258,
1618259,
1618260,
1618261,
1618262,
1618263,
1618264,
1618265,
1618266,
1618267,
1618268,
1618269,
1618270,
1618271,
1618272,
1618273,
1618274,
1618275,
1618276,
1618277,
1618278,
1618279,
1618280,
1618281,
1618282,
1618283,
1618284,
1618285,
1618286,
1618287,
1618288,
1618289,
1618290,
1618291,
1618292,
1618293,
1618294,
1618295,
1618296,
1618297,
1618298,
1618299,
1618300,
1618301,
1618302,
1618303,
1618304,
1618305,
1618306,
1618307,
1618308,
1618309,
1618310,
1618311,
1618312,
1618313,
1618314,
1618315,
1618316,
1618317,
1618318,
1618319,
1618320,
1618321,
1618322,
1618323,
1618324,
1618325,
1618326,
1618327,
1618328,
1618329,
1618330,
1618331,
1618332,
1618333,
1618334,
1618335,
1618336,
1618337,
1618338,
1618339,
1618340,
1618341,
1618342,
1618343,
1618344,
1618345,
1618346,
1618347,
1618348,
1618349,
1618350,
1618351,
1618352,
1618353,
1618354,
1618355,
1618356,
1618357,
1618358,
1699154,
1699155,
1699156,
1699157,
1699158,
1699159,
1699160,
1699161,
1699162,
1699163,
1699164,
1699165,
1699166,
1699167,
1699168,
1699169,
1699170,
1699171,
1699172,
1699173,
1699174,
1699175,
1699176,
1699177,
1699178,
1699179,
1699180,
1699181,
1699182,
1699183,
1699184,
1699185,
1699186,
1699187,
1699188,
1699189,
1699190,
1699191,
1699192,
1699193,
1699194,
1699195,
1699196,
1699197,
1699198,
1699199,
1699200,
1699201,
1699202,
1699203,
1699204,
1699205,
1699206,
1699207,
1699208,
1699209,
1699210,
1699211,
1699212,
1699213,
1699214,
1699215,
1699216,
1699217,
1699218,
1699219,
1699220,
1699221,
1699222,
1699223,
1699224,
1699225,
1699226,
1699227,
1699228,
1699229,
1699230,
1699231,
1699232,
1699233,
1699234,
1699235,
1699236,
1699237,
1699238,
1699239,
1699240,
1699241,
1699242,
1699243,
1699244,
1699245,
1699246,
1699247,
1699248,
1699249,
1699250,
1699251,
1699252,
1699253,
1699254,
1699255,
1699256,
1699257,
1699258,
1699259,
1699260,
1699261,
1699262,
1699263,
1699264,
1699265,
1699266,
1699267,
1699268,
1699269,
1699270,
1699271,
1699272,
1699273,
1699274,
1699275,
1699276,
1699277,
1699278,
1699279,
1699280,
1699281,
1699282,
1699283,
1699284,
1699285,
1699286,
1699287,
1699288,
1699289,
1699290,
1699291,
1699292,
1699293,
1699294,
1699295,
1699296,
1699297,
1699298,
1699299,
1699300,
1699301,
1699302,
1699303,
1699304,
1699305,
1699306,
1699307,
1699308,
1699309,
1699310,
1699311,
1699312,
1699313,
1699314,
1699315,
1699316,
1699317,
1699318,
1699319,
1699320,
1699321,
1699322,
1699323,
1699324,
1699325,
1699326,
1699327,
1699328,
1699329,
1699330,
1699331,
1699332,
1699333,
1699334,
1699335,
1699336,
1699337,
1699338,
1699339,
1699340,
1699341,
1699342,
1699343,
1699344,
1699345,
1699346,
1699347,
1699348,
1699349,
1699350,
1699351,
1699352,
1699353,
1699354,
1699355,
1699356,
1699357,
1699358,
1699359,
1699360,
1699361,
1699362,
1699363,
1699364,
1699365,
1699366,
1699367,
1699368,
1699369,
1699370,
1699371,
1699372,
1699373,
1699374,
1699375,
1699376,
1699377,
1699378,
1699379,
1699380,
1699381,
1699382,
1699383,
1699384,
1699385,
1699386,
1699387,
1699388,
1699389,
1699390,
1699391,
1699392,
1699393,
1699394,
1699395,
1699396,
1699397,
1699398,
1699399,
1699400,
1699401,
1699402,
1699403,
1699404,
1699405,
1699406,
1699407,
1699408,
1699409,
1699410,
1699411,
1699412,
1699413,
1699414,
1699415,
1699416,
1699417,
1699418,
1699419,
1699420,
1699421,
1699422,
1699423,
1699424,
1699425,
1699426,
1699427,
1699428,
1699429,
1699430,
1699431,
1699432,
1699433,
1699434,
1699435,
1699436,
1699437,
1699438,
1699439,
1699440,
1699441,
1699442,
1699443,
1699444,
1699445,
1699446,
1699447,
1699448,
1699449,
1699450,
1699451,
1699452,
1699453,
1699454,
1699455,
1699456,
1699457,
1699458,
1699459,
1699460,
1699461,
1699462,
1699463,
1699464,
1699465,
1699466,
1699467,
1699468,
1699469,
1699470,
1699471,
1699472,
1699473,
1699474,
1699475,
1699476,
1699477,
1699478,
1699479,
1699480,
1699481,
1699482,
1699483,
1699484,
1699485,
1699486,
1699487,
1699488,
1699489,
1699490,
1699491,
1699492,
1699493,
1699494,
1699495,
1699496,
1699497,
1699498,
1699499,
1699500,
1699501,
1699502,
1699503,
1699504,
1699505,
1699506,
1699507,
1699508,
1699509,
1699510,
1699511,
1699512,
1699513,
1699514,
1699515,
1699516,
1699517,
1699518,
1699519,
1699520,
1699521,
1699522,
1699523,
1699524,
1699525,
1699526,
1699527,
1699528,
1699529,
1699530,
1699531,
1699532,
1699533,
1699534,
1699535,
1699536,
1699537,
1699538,
1699539,
1699540,
1699541,
1699542,
1699543,
1699544,
1699545,
1699546,
1699547,
1699548,
1699549,
1699550,
1699551,
1699552,
1699553,
1699554,
1699555,
1699556,
1699557,
1699558,
1699559,
1699560,
1699561,
1699562,
1699563,
1699564,
1699565,
1699566,
1699567,
1699568,
1699569,
1699570,
1699571,
1699572,
1699573,
1699574,
1699575,
1699576,
1699577,
1699578,
1699579,
1699580,
1699581,
1699582,
1699583,
1699584,
1699585,
1699586,
1699587,
1699588,
1699589,
1699590,
1699591,
1699592,
1699593,
1699594,
1699595,
1699596,
1699597,
1699598,
1699599,
1699600,
1699601,
1699602,
1699603,
1699604,
1699605,
1699606,
1699607,
1699608,
1699609,
1699610,
1699611,
1699612,
1699613,
1699614,
1699615,
1699616,
1699617,
1699618,
1699619,
1699620,
1699621,
1699622,
1699623,
1699624,
1699625,
1699626,
1699627,
1699628,
1699629,
1699630,
1699631,
1699632,
1699633,
1699634,
1699635,
1699636,
1699637,
1699638,
1699639,
1699640,
1699641,
1699642,
1699643,
1699644,
1699645,
1699646,
1699647,
1699648,
1699649,
1699650,
1699651,
1699652,
1699653,
1699654,
1699655,
1699656,
1699657,
1699658,
1699659,
1699660,
1699661,
1699662,
1699663,
1699664,
1699665,
1699666,
1699667,
1699668,
1699669,
1699670,
1699671,
1699672,
1699673,
1699674,
1699675,
1699676,
1699677,
1699678,
1699679,
1699680,
1699681,
1699682,
1699683,
1699684,
1699685,
1699686,
1699687,
1699688,
1699689,
1699690,
1699691,
1699692,
1699693,
1699694,
1699695,
1699696,
1699697,
1699698,
1699699,
1699700,
1699701,
1699702,
1699703,
1699704,
1699705,
1699706,
1699707,
1699708,
1699709,
1699710,
1699711,
1699712,
1699713,
1699714,
1699715,
1699716,
1699717,
1699718,
1699719,
1699720,
1699721,
1699722,
1699723,
1699724,
1699725,
1699726,
1699727,
1699728,
1699729,
1699730,
1699731,
1699732,
1699733,
1699734,
1699735,
1699736,
1699737,
1699738,
1699739,
1699740,
1699741,
1699742,
1699743,
1699744,
1699745,
1699746,
1699747,
1699748,
1699749,
1699750,
1699751,
1699752,
1699753,
1699754,
1699755,
1699756,
1699757,
1699758,
1699759,
1699760,
1699761,
1699762,
1699763,
1699764,
1699765,
1699766,
1699767,
1699768,
1699769,
1699770,
1699771,
1699772,
1699773,
1699774,
1699775,
1699776,
1699777,
1699778,
1699779,
1699780,
1699781,
1699782,
1699783,
1699784,
1699785,
1699786,
1699787,
1699788,
1699789,
1699790,
1699791,
1699792,
1699793,
1699794,
1699795,
1699796,
1699797,
1699798,
1699799,
1699800,
1699801,
1699802,
1699803,
1699804,
1699805,
1699806,
1699807,
1699808,
1699809,
1699810,
1699811,
1699812,
1699813,
1699814,
1699815,
1699816,
1699817,
1699818,
1699819,
1699820,
1699821,
1699822,
1699823,
1699824,
1699825,
1699826,
1699827,
1699828,
1699829,
1699830,
1699831,
1699832,
1699833,
1699834,
1699835,
1699836,
1699837,
1699838,
1699839,
1699840,
1699841,
1699842,
1699843,
1699844,
1699845,
1699846,
1699847,
1699848,
1699849,
1699850,
1699851,
1699852,
1699853,
1699854,
1699855,
1699856,
1699857,
1699858,
1699859,
1699860,
1699861,
1699862,
1699863,
1699864,
1699865,
1699866,
1699867,
1699868,
1699869,
1699870,
1699871,
1699872,
1699873,
1699874,
1699875,
1699876,
1699877,
1699878,
1699879,
1699880,
1699881,
1699882,
1699883,
1699884,
1699885,
1699886,
1699887,
1699888,
1699889,
1699890,
1699891,
1699892,
1699893,
1699894,
1699895,
1699896,
1699897,
1699898,
1699899,
1699900,
1699901,
1699902,
1699903,
1699904,
1699905,
1699906,
1699907,
1699908,
1699909,
1699910,
1699911,
1699912,
1699913,
1699914,
1699915,
1699916,
1699917,
1699918,
1699919,
1699920,
1699921,
1699922,
1699923,
1699924,
1699925,
1699926,
1699927,
1699928,
1699929,
1699930,
1699931,
1699932,
1699933,
1699934,
1699935,
1699936,
1699937,
1699938,
1699939,
1699940,
1699941,
1699942,
1699943,
1699944,
1699945,
1699946,
1699947,
1699948,
1699949,
1699950,
1699951,
1699952,
1699953,
1699954,
1699955,
1699956,
1699957,
1699958,
1699959,
1699960,
1699961,
1699962,
1699963,
1699964,
1699965,
1699966,
1699967,
1699968,
1699969,
1699970,
1699971,
1699972,
1699973,
1699974,
1699975,
1699976,
1699977,
1699978,
1699979,
1699980,
1699981,
1699982,
1699983,
1699984,
1699985,
1699986,
1699987,
1699988,
1699989,
1699990,
1699991,
1699992,
1699993,
1699994,
1699995,
1699996,
1699997,
1699998,
1699999,
1700000,
1700001,
1700002,
1700003,
1700004,
1700005,
1700006,
1700007,
1700008,
1700009,
1700010,
1700011,
1700012,
1700013,
1700014,
1700015,
1700016,
1700017,
1700018,
1700019,
1700020,
1700021,
1700022,
1700023,
1700024,
1700025,
1700026,
1700027,
1700028,
1700029,
1700030,
1700031,
1700032,
1700033,
1700034,
1700035,
1700036,
1700037,
1700038,
1700039,
1700040,
1700041,
1700042,
1700043,
1700044,
1700045,
1700046,
1700047,
1700048,
1700049,
1700050,
1700051,
1700052,
1700053,
1700054,
1700055,
1700056,
1700057,
1700058,
1700059,
1700060,
1700061,
1700062,
1700063,
1700064,
1700065,
1700066,
1700067,
1700068,
1700069,
1700070,
1700071,
1700072,
1700073,
1700074,
1700075,
1700076,
1700077,
1700078,
1700079,
1700080,
1700081,
1700082,
1700083,
1700084,
1700085,
1700086,
1700087,
1700088,
1700089,
1700090,
1700091,
1700092,
1700093,
1700094,
1700095,
1700096,
1700097,
1700098,
1700099,
1700100,
1700101,
1700102,
1700103,
1700104,
1700105,
1700106,
1700107,
1700108,
1700109,
1700110,
1700111,
1700112,
1700113,
1700114,
1700115,
1700116,
1700117,
1700118,
1700119,
1700120,
1700121,
1700122,
1700123,
1700124,
1700125,
1700126,
1700127,
1700128,
1700129,
1700130,
1700131,
1700132,
1700133,
1700134,
1700135,
1700136,
1700137,
1700138,
1700139,
1700140,
1700141,
1700142,
1700143,
1700144,
1700145,
1700146,
1700147,
1700148,
1700149,
1700150,
1700151,
1700152,
1700153,
1701589,
1701590,
1701591,
1701592,
1701593,
1701594,
1701595,
1701596,
1701597,
1701598,
1701599,
1701600,
1701601,
1701602,
1701603,
1701604,
1701605,
1701606,
1701607,
1701608,
1701609,
1701610,
1701611,
1701612,
1701613,
1701614,
1701615,
1701616,
1701617,
1701618,
1701619,
1701620,
1701621,
1701622,
1701623,
1701624,
1701625,
1701626,
1701627,
1701628,
1701629,
1701630,
1701631,
1701632,
1701633,
1701634,
1701635,
1701636,
1701637,
1701638,
1701639,
1701640,
1701641,
1701642,
1701643,
1701644,
1701645,
1701646,
1701647,
1701648,
1701649,
1701650,
1701651,
1701652,
1701653,
1701654,
1701655,
1701656,
1701657,
1701658,
1701659,
1701660,
1701661,
1701662,
1701663,
1701664,
1701665,
1701666,
1701667,
1701668,
1701669,
1701670,
1701671,
1701672,
1701673,
1701674,
1701675,
1701676,
1701677,
1701678,
1701679,
1701680,
1701681,
1701682,
1701683,
1701684,
1701685,
1701686,
1701687,
1701688,
1701689,
1701690,
1701691,
1701692,
1701693,
1701694,
1701695,
1701696,
1701697,
1701698,
1701699,
1701700,
1701701,
1701702,
1701703,
1701704,
1701705,
1701706,
1701707,
1701708,
1701709,
1701710,
1701711,
1701712,
1701713,
1701714,
1701715,
1701716,
1701717,
1701718,
1701719,
1701720,
1701721,
1701722,
1701723,
1701724,
1701725,
1701726,
1701727,
1701728,
1701729,
1701730,
1701731,
1701732,
1701733,
1701734,
1701735,
1701736,
1701737,
1701738,
1701739,
1701740,
1701741,
1701742,
1701743,
1701744,
1701745,
1701746,
1701747,
1701748,
1701749,
1701750,
1701751,
1701752,
1701753,
1701754,
1701755,
1701756,
1701757,
1701758,
1701759,
1701760,
1701761,
1701762,
1701763,
1701764,
1701765,
1701766,
1701767,
1701768,
1701769,
1701770,
1701771,
1701772,
1701773,
1701774,
1701775,
1701776,
1701777,
1701778,
1701779,
1701780,
1701781,
1701782,
1701783,
1701784,
1701785,
1701786,
1701787,
1701788,
1701789,
1701790,
1701791,
1701792,
1701793,
1701794,
1701795,
1701796,
1701797,
1701798,
1701799,
1701800,
1701801,
1701802,
1701803,
1701804,
1701805,
1701806,
1701807,
1701808,
1701809,
1701810,
1701811,
1701812,
1701813,
1701814,
1701815,
1701816,
1701817,
1701818,
1701819,
1701820,
1701821,
1701822,
1701823,
1701824,
1701825,
1701826,
1701827,
1701828,
1701829,
1701830,
1701831,
1701832,
1701833,
1701834,
1701835,
1701836,
1701837,
1701838,
1701839,
1701840,
1701841,
1701842,
1701843,
1701844,
1701845,
1701846,
1701847,
1701848,
1701849,
1701850,
1701851,
1701852,
1701853,
1701854,
1701855,
1701856,
1701857,
1701858,
1701859,
1701860,
1701861,
1701862,
1701863,
1701864,
1701865,
1701866,
1701867,
1701868,
1701869,
1701870,
1701871,
1701872,
1701873,
1701874,
1701875,
1701876,
1701877,
1701878,
1701879,
1701880,
1701881,
1701882,
1701883,
1701884,
1701885,
1701886,
1701887,
1701888,
1701889,
1701890,
1701891,
1701892,
1701893,
1701894,
1701895,
1701896,
1701897,
1701898,
1701899,
1701900,
1701901,
1701902,
1701903,
1701904,
1701905,
1701906,
1701907,
1701908,
1701909,
1701910,
1701911,
1701912,
1701913,
1701914,
1701915,
1701916,
1701917,
1701918,
1701919,
1701920,
1701921,
1701922,
1701923,
1701924,
1701925,
1701926,
1701927,
1701928,
1701929,
1701930,
1701931,
1701932,
1701933,
1701934,
1701935,
1701936,
1701937,
1701938,
1701939,
1701940,
1701941,
1701942,
1701943,
1701944,
1701945,
1701946,
1701947,
1701948,
1701949,
1701950,
1701951,
1701952,
1701953,
1701954,
1701955,
1701956,
1701957,
1701958,
1701959,
1701960,
1701961,
1701962,
1701963,
1701964,
1701965,
1701966,
1701967,
1701968,
1701969,
1701970,
1701971,
1701972,
1701973,
1701974,
1701975,
1701976,
1701977,
1701978,
1701979,
1701980,
1701981,
1701982,
1701983,
1701984,
1701985,
1701986,
1701987,
1701988,
1701989,
1701990,
1701991,
1701992,
1701993,
1701994,
1701995,
1701996,
1701997,
1701998,
1701999,
1702000,
1702001,
1702002,
1702003,
1702004,
1702005,
1702006,
1702007,
1702008,
1702009,
1702010,
1702011,
1702012,
1702013,
1702014,
1702015,
1702016,
1702017,
1702018,
1702019,
1702020,
1702021,
1702022,
1702023,
1702024,
1702025,
1702026,
1702027,
1702028,
1702029,
1702030,
1702031,
1702032,
1702033,
1702034,
1702035,
1702036,
1702037,
1702038,
1702039,
1702040,
1702041,
1702042,
1702043,
1702044,
1702045,
1702046,
1702047,
1702048,
1702049,
1702050,
1702051,
1702052,
1702053,
1702054,
1702055,
1702056,
1702057,
1702058,
1702059,
1702060,
1702061,
1702062,
1702063,
1702064,
1702065,
1702066,
1702067,
1702068,
1702069,
1702070,
1702071,
1702072,
1702073,
1702074,
1702075,
1702076,
1702077,
1702078,
1702079,
1702080,
1702081,
1702082,
1702083,
1702084,
1702085,
1702086,
1702087,
1702088,
1702089,
1702090,
1702091,
1702092,
1702093,
1702094,
1702095,
1702096,
1702097,
1702098,
1702099,
1702100,
1702101,
1702102,
1702103,
1702104,
1702105,
1702106,
1702107,
1702108,
1702109,
1702110,
1702111,
1702112,
1702113,
1702114,
1702115,
1702116,
1702117,
1702118,
1702119,
1702120,
1702121,
1702122,
1702123,
1702124,
1702125,
1702126,
1702127,
1702128,
1702129,
1702130,
1702131,
1702132,
1702133,
1702134,
1702135,
1702136,
1702137,
1702138,
1702139,
1702140,
1702141,
1702142,
1702143,
1702144,
1702145,
1702146,
1702147,
1702148,
1702149,
1702150,
1702151,
1702152,
1702153,
1702154,
1702155,
1702156,
1702157,
1702158,
1702159,
1702160,
1702161,
1702162,
1702163,
1702164,
1702165,
1702166,
1702167,
1702168,
1702169,
1702170,
1702171,
1702172,
1702173,
1702174,
1702175,
1702176,
1702177,
1702178,
1702179,
1702180,
1702181,
1702182,
1702183,
1702184,
1702185,
1702186,
1702187,
1702188,
1702189,
1702190,
1702191,
1702192,
1702193,
1702194,
1702195,
1702196,
1702197,
1702198,
1702199,
1702200,
1702201,
1702202,
1702203,
1702204,
1702205,
1702206,
1702207,
1702208,
1702209,
1702210,
1702211,
1702212,
1702213,
1702214,
1702215,
1702216,
1702217,
1702218,
1702219,
1702220,
1702221,
1702222,
1702223,
1702224,
1702225,
1702226,
1702227,
1702228,
1702229,
1702230,
1702231,
1702232,
1702233,
1702234,
1702235,
1702236,
1702237,
1702238,
1702239,
1702240,
1702241,
1702242,
1702243,
1702244,
1702245,
1702246,
1702247,
1702248,
1702249,
1702250,
1702251,
1702252,
1702253,
1702254,
1702255,
1702256,
1702257,
1702258,
1702259,
1702260,
1702261,
1702262,
1702263,
1702264,
1702265,
1702266,
1702267,
1702268,
1702269,
1702270,
1702271,
1702272,
1702273,
1702274,
1702275,
1702276,
1702277,
1702278,
1702279,
1702280,
1702281,
1702282,
1702283,
1702284,
1702285,
1702286,
1702287,
1702288,
1702289,
1702290,
1702291,
1702292,
1702293,
1702294,
1702295,
1702296,
1702297,
1702298,
1702299,
1702300,
1702301,
1702302,
1702303,
1702304,
1702305,
1702306,
1702307,
1702308,
1702309,
1702310,
1702311,
1702312,
1702313,
1702314,
1702315,
1702316,
1702317,
1702318,
1702319,
1702320,
1702321,
1702322,
1702323,
1702324,
1702325,
1702326,
1702327,
1702328,
1702329,
1702330,
1702331,
1702332,
1702333,
1702334,
1702335,
1702336,
1702337,
1702338,
1702339,
1702340,
1702341,
1702342,
1702343,
1702344,
1702345,
1702346,
1702347,
1702348,
1702349,
1702350,
1702351,
1702352,
1702353,
1702354,
1702355,
1702356,
1702357,
1702358,
1702359,
1702360,
1702361,
1702362,
1702363,
1702364,
1702365,
1702366,
1702367,
1702368,
1702369,
1702370,
1702371,
1702372,
1702373,
1702374,
1702375,
1702376,
1702377,
1702378,
1702379,
1702380,
1702381,
1702382,
1702383,
1702384,
1702385,
1702386,
1702387,
1702388,
1702389,
1702390,
1702391,
1702392,
1702393,
1702394,
1702395,
1702396,
1702397,
1702398,
1702399,
1702400,
1702401,
1702402,
1702403,
1702404,
1702405,
1702406,
1702407,
1702408,
1702409,
1702410,
1702411,
1702412,
1702413,
1702414,
1702415,
1702416,
1702417,
1702418,
1702419,
1702420,
1702421,
1702422,
1702423,
1702424,
1702425,
1702426,
1702427,
1702428,
1702429,
1702430,
1702431,
1702432,
1702433,
1702434,
1702435,
1702436,
1702437,
1702438,
1702439,
1702440,
1702441,
1702442,
1702443,
1702444,
1702445,
1702446,
1702447,
1702448,
1702449,
1702450,
1702451,
1702452,
1702453,
1702454,
1702455,
1702456,
1702457,
1702458,
1702459,
1702460,
1702461,
1702462,
1702463,
1702464,
1702465,
1702466,
1702467,
1702468,
1702469,
1702470,
1702471,
1702472,
1702473,
1702474,
1702475,
1702476,
1702477,
1702478,
1702479,
1702480,
1702481,
1702482,
1702483,
1702484,
1702485,
1702486,
1702487,
1702488,
1702489,
1702490,
1702491,
1702492,
1702493,
1702494,
1702495,
1702496,
1702497,
1702498,
1702499,
1702500,
1702501,
1702502,
1702503,
1702504,
1702505,
1702506,
1702507,
1702508,
1702509,
1702510,
1702511,
1702512,
1702513,
1702514,
1702515,
1702516,
1702517,
1702518,
1702519,
1702520,
1702521,
1702522,
1702523,
1702524,
1702525,
1702526,
1702527,
1702528,
1702529,
1702530,
1702531,
1702532,
1702533,
1702534,
1702535,
1702536,
1702537,
1702538,
1702539,
1702540,
1702541,
1702542,
1702543,
1702544,
1702545,
1702546,
1702547,
1702548,
1702549,
1702550,
1702551,
1702552,
1702553,
1702554,
1702555,
1702556,
1702557,
1702558,
1702559,
1702560,
1702561,
1702562,
1702563,
1702564,
1702565,
1702566,
1702567,
1702568,
1702569,
1702570,
1702571,
1702572,
1702573,
1702574,
1702575,
1702576,
1702577,
1702578,
1702579,
1702580,
1702581,
1702582,
1702583,
1702584,
1702585,
1702586,
1702587,
1702588
)